url_path,views_total,views_unique
/Pythagora-io/pythagora,310,206
/Pythagora-io/pythagora/tree/main/src,49,16
/Pythagora-io/pythagora/blob/main/src/docs/integration/README.md,36,12
/Pythagora-io/pythagora/commits/main,32,1
/Pythagora-io/pythagora/tree/main/pythagora_tests/unit/src,16,5
/Pythagora-io/pythagora/issues,15,7
/Pythagora-io/pythagora/blob/main/src/commands/jest.js,12,6
/Pythagora-io/pythagora/blob/main/src/Pythagora.js,12,5
/Pythagora-io/pythagora/issues/70,8,3
/Pythagora-io/pythagora/tree/main/src/utils,7,3
